||======================================================================||
||						   BINARY SEARCH TREE					        ||
|| Description: 100 randomly generated numbers, ranging from 1 to 200   ||
||======================================================================||

============================================================================
108		115		174		46		40		24		19		72		65		106		
============================================================================
194		164		124		21		102		168		30		192		146		162		
============================================================================
25		139		113		160		67		48		33		53		117		4	
============================================================================
169		132		61		119		187		128		35		161		91		148		
============================================================================
125		122		149		183		95		147		105		74		39		123		
============================================================================
77		87		85		188		56		186		129		37		71		43		
============================================================================
170		199		182		83		12		29		41		127		26		81		
============================================================================
196		143		130		88		114		98		109		22		144		135		
============================================================================
55		52		16		6		70		167		49		50		166		181		
============================================================================
99		101		44		45		63		79		58		11		68		38		
============================================================================

Tree Height: 13

Tree inorder: 


Tree preorder: 


Tree postorder: 


